29,
11,
21,
06,
08,
22,
04,
27,
16,
41,
43,
23,
35,
44,
25,
23,
05,
11,
25,
03,
03,
14,
20,
23,
40,
34,
15,
09,
34,
48,
26,
17,
23,
26,
45,
23,
13,
35,
23,
32,
45,
34,
13,
26,
09,
27,
05,
36,
17,
34,
31,
47,
17,
21,
24,
41,
06,
47,
37,
26,
14,
04,
38,
12,
20,
47,
18,
44,
01,
15,
49,
28,
46,
33,
14,
49,
30,
21,
03,
18,
30,
32,
02,
48,
43,
20,
15,
10,
13,
41,
33,
46,
05,
44,
42,
15,
02,
48,
16,
35,
38,
38,
04,
48,
04,
34,
15,
27,
23,
22,
09,
34,
17,
40,
23,
45,
37,
28,
21,
05,
39,
05,
46,
06,
18,
33,
16,
01,
04,
44,
06,
18,
30,
42,
05,
24,
20,
49,
40,
42,
25,
07,
04,
02,
14,
43,
44,
25,
46,
16,
13,
47,
41,
29,
16,
43,
01,
26,
03,
19,
27,
34,
43,
37,
38,
31,
08,
26,
28,
08,
41,
02,
12,
33,
49,
16,
33,
18,
40,
42,
27,
25,
09,
17,
35,
22,
16,
02,
15,
49,
21,
40,
46,
41,
23,
10,
24,
49,
03,
38,
48,
02,
42,
23,
42,
01,
29,
48,
35,
44,
15,
23,
22,
34,
31,
44,
14,
27,
37,
26,
01,
02,
38,
19,
14,
18,
13,
21,
17,
17,
29,
04,
45,
14,
44,
21,
25,
02,
30,
11,
13,
49,
40,
10,
19,
40,
43,
29,
10,
31,
17,
08,
34,
25,
37,
44,
40,
45,
49,
16,
10,
06,
06,
28,
17,
06,
01,
32,
19,
15,
23,
05,
12,
15,
32,
02,
34,
44,
30,
30,
07,
20,
44,
16,
32,
06,
04,
07,
37,
37,
45,
44,
28,
10,
18,
17,
26,
20,
42,
06,
32,
19,
15,
41,
27,
01,
10,
08,
18,
02,
20,
16,
32,
20,
25,
39,
41,
26,
16,
29,
40,
11,
39,
19,
33,
40,
40,
19,
14,
19,
20,
43,
06,
37,
02,
33,
24,
37,
02,
27,
08,
13,
35,
03,
38,
49,
38,
43,
42,
06,
41,
07,
44,
41,
33,
23,
44,
07,
38,
05,
15,
37,
16,
34,
34,
08,
46,
22,
44,
07,
01,
39,
49,
11,
39,
26,
31,
18,
16,
18,
33,
33,
14,
09,
44,
11,
39,
04,
36,
12,
14,
02,
17,
36,
19,
05,
28,
21,
25,
16,
03,
40,
28,
30,
38,
34,
13,
40,
34,
45,
25,
07,
34,
31,
32,
46,
19,
01,
47,
24,
21,
30,
10,
40,
49,
17,
42,
29,
37,
02,
21,
17,
40,
37,
31,
27,
39,
21,
25,
32,
29,
23,
20,
38,
21,
10,
38,
06,
11,
03,
09,
37,
06,
43,
12,
26,
11,
06,
12,
12,
33,
01,
36,
10,
09,
29,
20,
44,
23,
13,
24,
46,
35,
39,
16,
32,
30,
28,
22,
06,
38,
01,
21,
14,
12,
14,
29,
32,
11,
07,
27,
01,
26,
16,
17,
20,
38,
12,
25,
33,
39,
46,
22,
04,
32,
04,
37,
12,
27,
33,
44,
39,
18,
11,
45,
44,
29,
34,
44,
16,
25,
45,
08,
39,
14,
08,
04,
40,
12,
26,
03,
05,
15,
35,
20,
16,
49,
32,
40,
15,
47,
28,
33,
02,
21,
01,
23,
12,
04,
36,
10,
33,
24,
21,
27,
14,
11,
46,
28,
22,
11,
07,
25,
16,
42,
26,
40,
32,
04,
48,
06,
26,
39,
33,
06,
29,
39,
33,
16,
16,
21,
07,
40,
02,
17,
24,
02,
30,
27,
35,
42,
20,
29,
24,
40,
44,
38,
16,
22,
42,
06,
16,
17,
47,
34,
18,
38,
08,
38,
33,
46,
37,
11,
41,
24,
29,
18,
30,
35,
17,
19,
18,
22,
31,
46,
17,
43,
10,
04,
26,
23,
34,
03,
30,
16,
49,
34,
43,
40,
33,
21,
31,
16,
40,
20,
41,
08,
42,
48,
46,
29,
16,
29,
08,
24,
41,
04,
24,
40,
06,
44,
07,
48,
10,
06,
35,
28,
20,
26,
28,
41,
25,
04,
36,
24,
04,
13,
10,
08,
17,
23,
47,
44,
21,
04,
34,
28,
05,
43,
05,
05,
08,
18,
45,
14,
01,
01,
46,
42,
15,
23,
36,
46,
10,
49,
04,
32,
03,
40,
01,
46,
31,
47,
24,
41,
34,
04,
29,
29,
45,
22,
21,
06,
17,
08,
45,
24,
13,
10,
49,
27,
41,
45,
25,
06,
43,
20,
04,
10,
49,
22,
46,
32,
24,
32,
27,
25,
45,
20,
06,
19,
11,
13,
04,
30,
33,
16,
26,
24,
44,
20,
03,
10,
23,
02,
19,
39,
02,
18,
07,
23,
40,
34,
20,
02,
49,
23,
04,
02,
40,
43,
06,
09,
48,
17,
43,
29,
15,
33,
46,
26,
19,
10,
08,
14,
30,
21,
32,
49,
10,
18,
21,
26,
45,
09,
32,
35,
24,
03,
19,
42,
16,
32,
17,
21,
01,
42,
16,
19,
06,
08,
24,
05,
20,
15,
17,
40,
15,
15,
41,
04,
39,
17,
33,
11,
47,
36,
37,
03,
17,
29,
42,
45,
18,
27,
43,
44,
03,
21,
03,
25,
43,
18,
31,
20,
24,
11,
12,
35,
25,
15,
32,
39,
42,
47,
02,
49,
27,
36,
31,
33,
07,
15,
13,
04,
27,
25,
12,
38,
21,
15,
20,
08,
35,
24,
01,
22,
02,
19,
46,
35,
10,
36,
30,
39,
42,
07,
46,
27,
21,
47,
06,
31,
28,
29,
34,
04,
44,
20,
42,
06,
45,
18,
31,
16,
10,
14,
08,
41,
25,
21,
13,
45,
21,
25,
42,
29,
33,
14,
11,
44,
19,
11,
45,
01,
36,
06,
27,
04,
06,
25,
07,
34,
46,
36,
41,
04,
06,
23,
18,
25,
49,
37,
12,
14,
45,
23,
36,
38,
21,
34,
24,
10,
44,
41,
02,
24,
36,
26,
07,
25,
28,
36,
27,
08,
15,
06,
37,
16,
42,
37,
37,
06,
22,
44,
15,
01,
18,
16,
06,
36,
08,
25,
32,
44,
09,
27,
01,
41,
08,
31,
13,
21,
20,
33,
03,
11,
04,
35,
14,
12,
46,
34,
43,
49,
38,
03,
28,
44,
46,
31,
23,
30,
24,
26,
47,
49,
27,
41,
03,
04,
39,
35,
14,
25,
18,
37,
26,
10,
19,
40,
09,
10,
26,
32,
45,
18,
34,
24,
38,
24,
24,
49,
31,
40,
34,
30,
18,
18,
15,
34,
44,
03,
46,
27,
23,
18,
42,
43,
29,
15,
30,
19,
01,
20,
16,
37,
29,
18,
02,
37,
32,
29,
07,
36,
35,
15,
15,
38,
47,
32,
11,
28,
14,
25,
26,
33,
06,
31,
17,
40,
19,
32,
28,
28,
15,
29,
46,
23,
48,
06,
27,
18,
06,
01,
10,
01,
26,
26,
16